# Transform that takes a point in lidar frame and puts it in the left DAVIS camera frame.
T_cam0_lidar:
  - [-0.01431797, -0.99923319,  0.03644205,  0.04177696]
  - [-0.01489848, -0.03622854, -0.99923247, -0.07663154]
  - [ 0.99978649, -0.01484991, -0.01436833, -0.13257184]
  - [ 0.        ,  0.        ,  0.        ,  1.        ]
cam0:
  # Transform that takes a point in the left DAVIS IMU frame to the left DAVIS camera frame.
  T_cam_imu:
  - [0.013521164493091098, 0.9996372421674073, 0.023292964231506116, -0.0032538724920261517]
  - [-0.9999004915537535, 0.013611112263951897, -0.0037073728568248077, -0.006331428921949005]
  - [-0.004023071129397902, -0.02324051838659262, 0.9997218079064843, -0.018472844255861962]
  - [0.0, 0.0, 0.0, 1.0]
  projection_matrix:
  - [194.8389461655774, 0.0, 170.20896993269332, 0.0]
  - [0.0, 194.8389461655774, 127.00404928416845, 0.0]
  - [0.0, 0.0, 1.0, 0.0]
  rectification_matrix:
  - [0.9999787962321169, 0.006456198936163328, 0.0008512235095399232]
  - [-0.006460121415855796, 0.9999681406262017, 0.004688769974029409]
  - [-0.0008209247583736866, -0.004694169561662864, 0.9999886453628698]
  camera_model: pinhole
  distortion_coeffs: [-0.033904378348448685, -0.01537260902537579, -0.022284741346941413,
    0.0069204143687187645]
  distortion_model: equidistant
  intrinsics: [223.9940010790056, 223.61783486959376, 170.7684322973841, 128.18711828338436]
  resolution: [346, 260]
  rostopic: /davis/left/image_raw
cam1:
  # Transform that takes a point in the right DAVIS IMU frame to the right DAVIS camera frame.
  T_cam_imu:
  - [0.003996899544384425, 0.9998901782690601, 0.014270816203001576, -0.00043093873508395775]
  - [-0.9999894418421462, 0.0040288400840637895, -0.0022101248404689444, -0.0037776997788954315]
  - [-0.002267376957084329, -0.014261831882503496, 0.9998957241398176, -0.016570720614432932]
  - [0.0, 0.0, 0.0, 1.0]
  # Transform that takes a point in the left DAVIS camera frame to the right DAVIS camera frame.
  T_cn_cnm1:
  - [0.9998538711975195, 0.007121502935956221, -0.015540928133860692, -0.10020966289113746]
  - [-0.0069546143302057035, 0.9999178555872617, 0.010766402244230172, -0.0004981408591306691]
  - [0.015616324498637743, -0.010656747801258783, 0.9998212660948196, -0.0008688666914359259]
  - [0.0, 0.0, 0.0, 1.0]
  projection_matrix:
  - [194.8389461655774, 0.0, 170.20896993269332, -19.635286970460974]
  - [0.0, 194.8389461655774, 127.00404928416845, 0.0]
  - [0.0, 0.0, 1.0, 0.0]
  rectification_matrix:
  - [0.9999551682546206, 0.00026477971201730176, 0.009465271923067415]
  - [-0.0002203700278422394, 0.9999889654563721, -0.004692590174454996]
  - [-0.00946640998078642, 0.0046902939352099215, 0.999944192555203]
  camera_model: pinhole
  distortion_coeffs: [-0.023142330649874532, -0.03852833693290194, 0.007851617759475266,
    -0.008707820879327087]
  distortion_model: equidistant
  intrinsics: [223.1117516327428, 222.9723608800784, 174.7696749980204, 128.89224876369192]
  resolution: [346, 260]
  rostopic: /davis/right/image_raw
cam2:
  # Transform tha takes a point in the left VI-Sensor frame to the VI-Sensor IMU frame.
  T_cam_imu:
  - [0.9999717314190615, -0.007438121416209933, 0.001100323844221122, -0.03921656415229387]
  - [0.00743200596269379, 0.9999574688631824, 0.005461295826837418, 0.00621263233002485]
  - [-0.0011408988276470173, -0.0054529638303831614, 0.9999844816472552, 0.0012210059575531885]
  - [0.0, 0.0, 0.0, 1.0]
  # Transform that takes a point in the right DAVIS camera frame to the left VI-Sensor camera frame.
  T_cn_cnm1:
  - [-0.9999194492806436, -0.011544126378795554, 0.005275234254147117, -0.11735831777218302]
  - [0.011675616860827782, -0.9996036981416507, 0.025614968913630146, 0.05367704173973196]
  - [0.004977441230681126, 0.02567449722346051, 0.9996579641412903, -0.007199602674672133]
  - [0.0, 0.0, 0.0, 1.0]
  projection_matrix:
  - [381.846077563533, 0.0, 360.83868409015264, 0.0]
  - [0.0, 381.846077563533, 218.76423074252165, 0.0]
  - [0.0, 0.0, 1.0, 0.0]
  rectification_matrix:
  - [0.9999968262471319, -0.0025139191452608106, -0.0001664517784925524]
  - [0.002513545906311019, 0.999994408253785, -0.0022057987531205895]
  - [0.0001719960474525218, 0.0022053733682740424, 0.9999975533698401]
  camera_model: pinhole
  distortion_coeffs: [-0.2886519243545528, 0.08251010502519662, -0.00037458410613943715,
    -9.908178225000679e-05]
  distortion_model: radtan
  intrinsics: [465.6647968958394, 465.53104946638166, 373.1765292465323, 232.29333312263688]
  resolution: [752, 480]
  rostopic: /cam0/image_raw
cam3:
  # Transform that takes a point in the left VI-Sensor camera frame to the right VI-Sensor camera frame.
  T_cn_cnm1:
  - [0.9999996021331093, 0.0008815318628381455, 0.00013651073571759395, 0.10978268555673905]
  - [-0.0008809211003567968, 0.9999898820295906, -0.004411328194952382, -0.00037261313440072085]
  - [-0.00014039808086729736, 0.004411206184643467, 0.9999902607267526, -3.490420337815543e-05]
  - [0.0, 0.0, 0.0, 1.0]
  projection_matrix:
  - [381.846077563533, 0.0, 360.83868409015264, 41.920331439834406]
  - [0.0, 381.846077563533, 218.76423074252165, 0.0]
  - [0.0, 0.0, 1.0, 0.0]
  rectification_matrix:
  - [0.9999941895592306, -0.0033940777406078907, -0.0003179372083328179]
  - [0.003394770724578618, 0.9999918066065676, 0.0022050513510288245]
  - [0.00031045048764076846, -0.0022061178626356574, 0.9999975183291562]
  camera_model: pinhole
  distortion_coeffs: [-0.2893434693722549, 0.08278179361189816, -0.0003188618820481613,
    -0.0005944660047013133]
  distortion_model: radtan
  intrinsics: [467.39293943975815, 467.0817682710746, 369.5406131326408, 220.9435352383846]
  resolution: [752, 480]
  rostopic: /cam1/image_raw